1 6
1 7
1 20
1 21
1 27
1 28
1 36
1 51
1 58
1 59
1 60
1 61
1 66
1 68
1 72
1 73
1 76
1 77
1 83
1 89
1 99
1 107
1 110
1 111
1 112
1 127
1 128
1 129
1 141
1 157
1 173
1 174
1 177
1 178
1 184
1 188
1 189
1 192
1 194
1 208
1 210
1 211
1 213
1 215
1 223
1 229
1 234
1 237
1 242
1 243
1 255
1 259
1 263
1 264
1 265
1 266
1 275
1 280
1 281
1 286
1 292
1 295
1 297
1 304
1 305
1 307
1 310
1 321
1 326
1 340
1 347
1 349
1 357
1 362
1 367
1 368
1 373
1 376
1 383
1 386
1 388
1 391
1 403
1 404
1 411
1 414
1 422
1 431
1 432
1 438
1 439
1 444
1 450
1 453
1 454
1 456
1 501
1 503
1 508
1 512
1 524
1 526
1 532
1 541
1 546
1 549
1 557
1 563
1 579
1 589
1 595
1 596
1 600
1 603
1 614
1 617
1 627
1 629
1 635
1 654
1 655
1 664
1 666
1 708
1 714
1 718
1 738
1 749
1 753
1 754
1 756
1 760
1 766
1 768
1 776
1 784
1 794
1 809
1 810
1 812
1 815
1 818
1 828
1 830
1 831
1 835
1 836
1 848
1 850
1 851
1 859
1 863
1 870
1 871
1 878
1 879
1 881
1 887
1 904
1 910
1 920
1 921
1 928
1 929
1 930
1 951
1 985
1 987
1 1000
1 1007
1 1016
1 1025
1 1035
1 1050
1 1069
1 1078
1 1080
1 1084
1 1085
1 1099
1 1113
1 1144
1 1145
1 1163
1 1167
1 1173
1 1176
1 1177
1 1192
1 1213
1 1226
1 1252
1 1264
1 1273
1 1279
1 1284
1 1286
1 1313
1 1341
1 1367
1 1389
1 1410
1 1434
1 1436
1 1451
1 1455
1 1477
1 1490
1 1508
1 1516
1 1526
1 1527
1 1535
1 1553
1 1585
1 1597
1 1644
1 1672
1 1707
1 1728
1 1740
1 1746
1 1753
1 1771
1 1820
1 1822
1 1830
1 1845
1 1855
1 1868
1 1895
1 1906
1 1912
1 1931
1 1936
1 1940
1 1985
1 2001
1 2014
1 2020
1 2037
1 2041
1 2043
1 2061
1 2103
1 2113
1 2144
1 2172
1 2179
1 2180
1 2192
1 2203
1 2217
1 2227
1 2234
1 2236
1 2243
1 2250
1 2265
1 2290
1 2344
1 2378
1 2389
1 2458
1 2481
1 2495
1 2512
1 2569
1 2579
1 2584
1 2585
1 2588
1 2601
1 2602
1 2606
1 2691
1 2739
1 2754
1 2773
1 2788
1 2792
1 2835
1 2912
1 2940
1 2945
1 2947
1 2948
1 2956
1 2961
1 2995
1 3001
1 3009
1 3035
1 3081
1 3089
1 3116
1 3118
1 3139
1 3153
1 3239
1 3277
1 3290
1 3341
1 3357
1 3358
1 3426
1 3511
1 3642
1 3662
1 3669
1 3670
1 3680
1 3714
1 3758
1 3781
1 3824
1 3877
1 3880
1 4001
1 4019
1 4059
1 4073
1 4078
1 4096
1 4157
1 4181
1 4190
1 4192
1 4202
1 4229
1 4294
1 4304
1 4349
1 4383
1 4427
1 4452
1 4479
1 4503
1 4554
1 4592
1 4661
1 4710
1 4745
1 4767
1 4783
1 4807
1 4820
1 4836
1 4891
1 4981
1 5009
1 5110
1 5113
1 5161
1 5170
1 5192
1 5408
1 5461
1 5540
1 5577
1 5713
1 5905
1 5930
1 5941
1 5981
1 6002
1 6177
1 6388
1 6390
1 6443
1 6524
1 6568
1 6662
1 6712
1 6826
1 6866
1 6901
1 7085
1 7121
1 7131
1 7199
1 7233
1 7247
1 7352
1 7389
1 7472
1 10865
1 12566
1 12767
1 12943
1 13117
1 13423
1 13425
1 13439
1 13462
1 13465
